3319 1735 7226 9087 3193 4123 6231 729 268 699 3014 4402 7095 8129 1918 3643 8945 8233 9717 3871 2232 4549 8878 2670 2949 1797 9026 3285 4900 304 9117 8219 2038 6342 7305 5231 465 3536 5960 732 4234 8973 5134 1328 7102 7052 4971 6046 5284 4687 9917 7515 9236 8794 184 2184 590 9210 5468 5489 9514 4584 3708 1552 926 1012 6782 1390 4547 2742 2122 8781 1714 7255 109 8816 4307 5079 4861 9590 9765 4777 7105 9001 3570 7288 1184 4160 6498 6652 9649 6012 1236 3356 7563 2162 4367 4345 3552 8914 7086 5673 7694 8799 2928 7802 7615 7234 2880 2475 6824 2645 7252 3928 1645 822 1216 2829 4981 7713 9481 4629 3725 716 7985 1287 2877 2351 5631 6429 1264 2716 2101 8958 1515 5029 6759 9129 2263 9639 1604 9086 2284 8856 3013 3929 9677 4228 6758 4658 1941 6238 9287 5665 6954 7271 6952 9831 9622 2582 6259 885 5298 8359 9842 6813 3388 6601 5941 5650 6240 7545 4735 8524 6400 7748 2452 6076 1975 9209 734 3916 5447 20 9581 2400 7290 6532 2230 6911 9114 8488 7796 4411 6847 7638 1223 234 4239 7164 5884 478 4708 619 1107 8366 1453 7183 341 662 7916 4257 6108 7936 3837 8507 5226 368 737 2137 9482 9224 9932 3892 6071 7570 5115 6305 1808 2278 2188 2286 6986 2807 8092 1172 2740 5275 1513 3401 3191 5769 9509 1126 9605 8015 6351 9973 8752 8487 9454 7976 8419 3346 4046 5989 8460 351 7797 738 2539 82 7723 5345 1369 5815 6517 4108 1090 8029 7509 4280 3797 7017 5406 5032 1756 3374 3783 243 2827 1758 8662 6173 5804 4650 4632 6154 2446 5370 8693 2528 3092 4037 3897 8907 553 8004 9996 8581 5513 4275 2378 2529 9680 5779 7560 1436 9152 1343 1679 1979 3100 8151 8904 4991 2783 5058 7436 8152 3750 9964 1244 7786 3860 150 8339 1864 146 6920 7376 4420 9297 9905 4100 5075 7464 5536 4226 8806 7215 6205 1906 7555 4355 810 2545 7138 5867 9981 5290 9616 9945 6533 7402 3804 6683 5740 5668 6828 2659 3044 1248 1955 2948 5347 7030 412 883 1255 9218 8097 7459 1124 5652 1814 1933 8197 8951 7799 8177 4240 7415 8121 773 4816 1925 7455 556 7593 4283 3214 637 5530 5169 3585 877 2198 3996 1759 3453 9856 912 4337 5508 2726 6269 3704 1677 4068 1881 5916 1482 2 6689 6297 1927 4144 6852 9519 8426 66 156 3955 5235 3740 4831 7432 7736 6589 949 6445 5286 1952 4522 1554 5656 6198 5622 7536 2114 7103 7537 8803 3400 9464 2946 252 8983 1371 317 9138 5325 5551 155 2983 613 6744 3868 1561 3189 6846 5141 186 8400 796 6384 4022 8331 8498 5868 7300 4524 5331 245 4775 4313 1615 5092 3451 6940 642 6328 3625 3838 7493 8500 7027 3157 5346 2167 3342 3746 2962 9726 7767 1293 8224 8891 7160
5464 6984 2496 1900 9682 4701 6163 6514 5770 437 2011 8780 7118 3018 1456 7114 8015 4700 3333 8285 8943 1850 8734 1607 4961 1575 4830 1596 9210 8306 1365 4674 5290 3861 6573 4971 8561 2736 1485 4331 3173 3496 3111 291 6513 4566 7405 4528 9265 737 2812 8208 2587 1545 9815 7548 3119 4645 9143 2329 2950 508 7002 8239 4368 3575 3210 2929 6311 4695 7260 9484 8190 370 9775 4703 4935 7179 9230 4200 7916 2041 2408 503 3586 2223 8050 6705 6867 7193 9033 9817 7701 6035 8056 2069 9610 1265 4997 5921
5845 2936 292 384 9501 7407 8174 9734 9843 4259 1002 1808 1823 7152 524 4097 5257 5822 2796 6622
8124 7278 7651 6588 3740 6843 2467 9887 2458 2705 9226 2401 4971 788 6922 9954 4149 1926 5176 5672 3268 2723 6567 9125 54 3017 4657 4934 3983 4388 6578 2106 1665 4228 8694 5405 1071 1160 5291 3529 3865 4517 5929 8835 5304 2850 8788 9452 4776 3964
4546 3714 7133 1926 7062 4134 1497 15 1753 6710 6319 1259 2934 6914 5997 6189 3072 3436 9204 9568 2129 7726 160 4545 9330 5547 2266 9423 4719 6792 7591 9264 505 4723 1190 7567 8857 2686 7581 609 9395 3900 1867 2328 813 7864 8517 3885 1300 7720 3452 3428 5446 3611 7973 4776 9158 238 4198 3877 7029 1789 3140 7534 6511 4330 5101 5367 7016 2682 5975 6411 6581 7842 8739 7393 5706 7255 1278 7005 4975 4729 432 421 8340 8405 5196 7498 8642 9394 1374 5671 1182 4514 3204 7693 8843 8305 3059 5859
891 8974 8500 8833 4178 7209 3589 7792 527 3673 9028 8860 9460 843 5644 8623 5700 2562 3615 9662 6190 1293 2737 6148 7477 4132 6877 7929 3021 6995 1087 3912 5969 9587 2744 146 6796 6332 7938 7322 5 6965 6181 9465 7808 1825 8088 3507 4387 1702 3168 576 2995 5905 6724 471 37 3600 8400 3058 594 9487 6969 6562 9073 9713 6708 5868 6045 4645 3190 6050 1610 9371 5514 9418 1195 3602 2924 5582 5303 6092 6158 8297 1997 2881 8768 2033 6480 7167 5091 7074 6653 2059 3635 5726 1772 342 1593 7816
3067 1425 872 7615 8655 7544 2947 3606 1411 6931 7953 1224 3465 2991 7462 2069 3275 2086 7051 8970 1246 6786 9345 328 6092 4808 977 2076 1296 5802 5656 4363 7226 6527 1977 5881 4070 4924 9486 5481 1854 7439 6705 5319 429 4166 7387 3704 6251 4437 2673 7497 1223 2017 7824 7315 6825 8800 9391 8121 4602 5046 2483 1827 1572 4460 7708 5642 9383 7194 1123 1236 4632 7827 6554 5060 1992 3941 8764 8243 8378 1437 5740 9601 3453 3563 6915 278 2363 6305 8398 6964 1350 880 8791 2922 5339 6499 8564 4721


8170520 74919467 57257148 54665545 23779387
-537144015 1454426010 -1234630217 -1878963278 -1844837107
-813735966 -654150660 -1092654273 -1061580193 141230082
-1052603873 -1904626874 350036739 1105114108 1058840740
1434230298 1665919515 69893785 -237552809 786868959
-1995754033 -1578791104 728681304 302555443 -1115992829
1675238210 840189365 1744777350 -1914081383 1457280488
1183110374 -225088628 1648323303 572218531 529058159
-1756240691 2005733540 -801759219 -862148730 -1038719142
-924187915 -978850313 -225548380 254117975 -1108550338
-360563283 100421808 -1648637596 -1344517492 851170564
-152318245 1048582314 -431874032 974842443 315804342
-1828403460 1028261749 -231899562 -1845119119 -243846729
-948955296 -1217678250 -452894999 -1400850896 -1935872645
-11215335 -1783575029 -618390509 168059529 -1866173943
-1276223112 967919459 152350390 -1789577879 -1684701471
-1478182967 444984108 -2054496058 1059971350 -236869277
-1972812078 -1744349505 61766582 -826057979 952421459
1492049069 1305080364 -2049886767 -1628853273 -1925934616
769388606 1707980616 766890454 -1111113781 -775190390
237760522 -1813740890 230860578 -1859784952 -870082957
1916869951 -959730211 -1915837486 -37645632 764853650
907207542 1567205684 -493411084 -199975466 -797985549
-2121484238 1513552374 1874039059 -1339240150 -1913066404
-632842213 -1210697002 457364167 -1411320836 915694291
-1342327742 -805462822 -1719016124 -2028161001 454188287
-2014469686 -1683835244 -1551025768 -1640091067 -1161427132
-831581683 1428020207 -1911133170 -1337508261 1518381884
-101555091 -1044187521 -1070630143 1812466978 1914045128
ra
rb